每幅图像的标定误差：
第1幅图像的平均误差：0.0809533像素
第2幅图像的平均误差：0.08198像素
第3幅图像的平均误差：0.0809072像素
第4幅图像的平均误差：0.0810528像素
第5幅图像的平均误差：0.0771019像素
第6幅图像的平均误差：0.068275像素
第7幅图像的平均误差：0.0843336像素
第8幅图像的平均误差：0.0992227像素
第9幅图像的平均误差：0.0963253像素
第10幅图像的平均误差：0.088557像素
第11幅图像的平均误差：0.095566像素
第12幅图像的平均误差：0.0743609像素
第13幅图像的平均误差：0.108497像素
第14幅图像的平均误差：0.0991949像素
总体平均误差：0.0868805像素

相机内参数矩阵：
[1444.207521301056, 0, 329.9092580142142;
 0, 1448.568889744511, 172.1359600337755;
 0, 0, 1]

畸变系数：
[0.01518377370990684, 2.351357389396852, -0.02601867085269048, -0.009381128191315338, -276.2959332515654]


第1幅图像的旋转向量：
[19.64061845343996;
 -17.46987004773503;
 297.2936460894919]
第1幅图像的旋转矩阵：
[-0.9913363214231962, -0.005563789555749963, 0.1312301111517659;
 -0.00984438231856811, -0.9931450876785212, -0.1164728421426573;
 0.1309785706285245, -0.1167556382612927, 0.9844860257872156]
第1幅图像的平移向量：
[0.2110608540365214;
 2.420650221241992;
 0.6117832039238263]

第2幅图像的旋转向量：
[31.44573374751871;
 3.001433882217284;
 288.5944993339835]
第2幅图像的旋转矩阵：
[0.2840581761697791, -0.954765688559744, 0.08793993688954313;
 0.9563881529458576, 0.2756364051330842, -0.0966761246126529;
 0.06806359861122319, 0.1115663574485979, 0.9914233679058315]
第2幅图像的平移向量：
[0.1692944109973708;
 3.028983025948032;
 -0.8293968751582316]

第3幅图像的旋转向量：
[19.39346987602891;
 -3.718256243497722;
 259.2245218681769]
第3幅图像的旋转矩阵：
[-0.7037360700670049, -0.700692535408032, 0.1174117307176393;
 0.6970367083650408, -0.7129195368700247, -0.07671741093557921;
 0.1374604338647183, 0.02785147702534586, 0.9901156116076699]
第3幅图像的平移向量：
[-0.3101672208195141;
 -2.205706476142249;
 -0.2957920201166008]

第4幅图像的旋转向量：
[22.4322450005457;
 7.207567338238382;
 265.4217029824354]
第4幅图像的旋转矩阵：
[-0.8288862793757436, -0.5332631736950484, 0.1690500619441517;
 0.5416516899636836, -0.8405925150552143, 0.004203616613698176;
 0.1398605828034563, 0.0950505718753655, 0.9855985015025355]
第4幅图像的平移向量：
[-0.2740171420819275;
 -2.566896785610438;
 -0.5809497027717734]

第5幅图像的旋转向量：
[32.01253816092097;
 -10.15982080438205;
 282.9121003579849]
第5幅图像的旋转矩阵：
[-0.5322604375507318, -0.8343440723354612, 0.1434182539880551;
 0.8219073490348081, -0.5498803263094131, -0.1486604733627187;
 0.2028968610424461, 0.03875042833998355, 0.9784330677581325]
第5幅图像的平移向量：
[-0.3255894191326332;
 -2.761091770221359;
 -0.8926228751397655]

第6幅图像的旋转向量：
[23.31533652170168;
 -11.92848455837127;
 289.9353700036969]
第6幅图像的旋转矩阵：
[-0.4859721399659724, -0.8699567593509909, 0.08370373967998937;
 0.8601408455455182, -0.4930542136661026, -0.1305958200339588;
 0.1548831979303573, 0.008531075291154031, 0.9878959539107561]
第6幅图像的平移向量：
[-0.3091936747836438;
 -2.744086249836523;
 -1.04796878400157]

第7幅图像的旋转向量：
[28.5421242954423;
 12.46315850795757;
 279.9951129932247]
第7幅图像的旋转矩阵：
[0.5270705803174914, 0.8497580571884146, 0.01038497025291519;
 -0.8454747402623529, 0.5231010993426968, 0.1074137023138519;
 0.08584326963769234, -0.06539483243982792, 0.9941601726824894]
第7幅图像的平移向量：
[0.06559106227049978;
 2.932218385489826;
 0.7671374797807241]

第8幅图像的旋转向量：
[32.61538333118494;
 -15.66382025519889;
 285.5686005279989]
第8幅图像的旋转矩阵：
[0.3935015222879188, 0.9115543621650889, 0.1192694293391569;
 -0.9191306121405006, 0.3874331255083683, 0.0713757037446586;
 0.01885390631457759, -0.1377106316760421, 0.9902930435684513]
第8幅图像的平移向量：
[-0.05257800284258225;
 -2.730841043151621;
 1.185438981601411]

第9幅图像的旋转向量：
[-15.81274825392717;
 -12.90201669567341;
 292.3123372547963]
第9幅图像的旋转矩阵：
[-0.6508039054273143, 0.757186677648246, -0.05588033529397246;
 -0.7493189212659893, -0.6524155281131748, -0.1134686428471822;
 -0.1223741431566716, -0.03197364334602204, 0.9919688781498404]
第9幅图像的平移向量：
[-2.057726050561528;
 -2.156979436722359;
 -0.0763379393729928]

第10幅图像的旋转向量：
[-25.3033212000511;
 -10.54894710922276;
 290.1139772131061]
第10幅图像的旋转矩阵：
[-0.7106188852106172, -0.681725462633019, -0.1739861878995447;
 0.692561207531094, -0.7213558013632145, -0.002186701330194066;
 -0.1240152160224401, -0.1220499956469916, 0.9847456650107562]
第10幅图像的平移向量：
[-1.919187387738657;
 -1.948857739332854;
 0.2736153246011102]

第11幅图像的旋转向量：
[25.21532111344037;
 -3.883062532529415;
 280.3098735440885]
第11幅图像的旋转矩阵：
[0.2973394718932562, 0.9517108478963022, 0.07639175643183711;
 -0.9534617195740395, 0.2917894954577747, 0.07595814404929227;
 0.04999987761140244, -0.09542196988638904, 0.9941803960558899]
第11幅图像的平移向量：
[-0.103908211781977;
 -3.046431013940094;
 -0.4061069785752453]

第12幅图像的旋转向量：
[11.10071223103057;
 -16.89754216176183;
 274.2755931118595]
第12幅图像的旋转矩阵：
[0.1314244898437948, 0.9866726990184954, 0.09594054659452367;
 -0.9909878140197647, 0.1332913402131, -0.01328800543814845;
 -0.02589895622659181, -0.09332954320981815, 0.9952983675414221]
第12幅图像的平移向量：
[-0.4532793690552575;
 -2.801997827954796;
 -0.4724541064493286]

第13幅图像的旋转向量：
[11.38380329158035;
 -11.77950341745757;
 278.9703338967248]
第13幅图像的旋转矩阵：
[-0.9853413652858288, -0.1534498757427335, 0.07453542440476539;
 0.1466203605722045, -0.985107959154976, -0.08980411279665806;
 0.08720586976996202, -0.07755929630971264, 0.9931664975388604]
第13幅图像的平移向量：
[-0.4926366477420151;
 -2.887574404062319;
 -0.4023297346945305]

第14幅图像的旋转向量：
[-28.96838548395129;
 9.488849944142011;
 307.8643398721018]
第14幅图像的旋转矩阵：
[0.08511797214448344, -0.9948282167003831, -0.0554233711961505;
 0.9895266794418037, 0.07789375800286752, 0.1215298857774025;
 -0.1165842248800785, -0.0651872818955205, 0.9910392206104586]
第14幅图像的平移向量：
[-2.706197274764821;
 -0.8047620875594134;
 0.306126891975238]


